0 0.085000000 0.408264463 0.095000000 0.145454545
0 0.092500000 0.637190083 0.080000000 0.133884298
0 0.228750000 0.616528926 0.082500000 0.132231405
0 0.215625000 0.323966942 0.111250000 0.115702479
0 0.132500000 0.141322314 0.057500000 0.147107438
0 0.291875000 0.133884298 0.068750000 0.112396694
0 0.453750000 0.148760331 0.157500000 0.165289256
0 0.481875000 0.328099174 0.063750000 0.117355372
0 0.334375000 0.385123967 0.098750000 0.138842975
0 0.292500000 0.856198347 0.105000000 0.138842975
0 0.410625000 0.538016529 0.088750000 0.130578512
0 0.566250000 0.512396694 0.090000000 0.135537190
0 0.405625000 0.742975207 0.088750000 0.117355372
0 0.132500000 0.857851240 0.100000000 0.135537190
0 0.566250000 0.849586777 0.102500000 0.135537190
0 0.558750000 0.690082645 0.140000000 0.133884298
0 0.716250000 0.585950413 0.075000000 0.114049587
0 0.695625000 0.352066116 0.103750000 0.138842975
0 0.671250000 0.139669421 0.097500000 0.133884298
0 0.892500000 0.148760331 0.075000000 0.109090909
0 0.868750000 0.326446281 0.110000000 0.110743802
0 0.795625000 0.669421488 0.058750000 0.089256198
0 0.898125000 0.527272727 0.066250000 0.095867769
0 0.828750000 0.835537190 0.097500000 0.127272727
0 0.928125000 0.679338843 0.076250000 0.102479339
