0 0.095000000 0.131404959 0.100000000 0.114049587
0 0.142500000 0.405785124 0.140000000 0.140495868
0 0.226875000 0.190082645 0.066250000 0.099173554
0 0.386875000 0.111570248 0.103750000 0.097520661
0 0.325000000 0.357851240 0.100000000 0.094214876
0 0.235000000 0.585950413 0.082500000 0.117355372
0 0.118125000 0.686776860 0.086250000 0.130578512
0 0.106250000 0.868595041 0.095000000 0.107438017
0 0.279375000 0.844628099 0.071250000 0.148760331
0 0.440625000 0.751239669 0.093750000 0.097520661
0 0.378125000 0.581818182 0.068750000 0.095867769
0 0.480000000 0.328925620 0.062500000 0.122314050
0 0.547500000 0.178512397 0.075000000 0.105785124
0 0.566875000 0.514049587 0.093750000 0.135537190
0 0.565000000 0.848760331 0.085000000 0.133884298
0 0.681875000 0.816528926 0.076250000 0.109090909
0 0.698125000 0.616528926 0.066250000 0.105785124
0 0.796250000 0.515702479 0.070000000 0.105785124
0 0.703125000 0.375206612 0.081250000 0.105785124
0 0.862500000 0.327272727 0.100000000 0.119008264
0 0.820000000 0.733884298 0.055000000 0.148760331
0 0.896250000 0.524793388 0.065000000 0.097520661
0 0.892500000 0.151239669 0.070000000 0.114049587
0 0.669375000 0.142148760 0.098750000 0.138842975
