0 0.127931770 0.542968750 0.179104478 0.242187500
0 0.372068230 0.525390625 0.159914712 0.179687500
0 0.374200426 0.837890625 0.172707889 0.195312500
0 0.128997868 0.819335938 0.245202559 0.146484375
0 0.625799574 0.529296875 0.176972281 0.179687500
0 0.369936034 0.182617188 0.189765458 0.212890625
0 0.623667377 0.169921875 0.223880597 0.187500000
0 0.873134328 0.159179688 0.206823028 0.189453125
0 0.871002132 0.529296875 0.198294243 0.183593750
0 0.874200426 0.830078125 0.144989339 0.203125000
0 0.623667377 0.851562500 0.215351812 0.234375000
0 0.128997868 0.151367188 0.206823028 0.208984375
